# Training Acc. - Validation Acc,
8.252291679382324219e-01 8.593333363533020020e-01
8.642083406448364258e-01 8.653333187103271484e-01
8.788958191871643066e-01 8.725000023841857910e-01
8.870833516120910645e-01 8.653333187103271484e-01
8.930624723434448242e-01 8.817499876022338867e-01
8.967083096504211426e-01 8.888333439826965332e-01
9.028750061988830566e-01 8.872500061988830566e-01
9.072499871253967285e-01 8.822500109672546387e-01
9.092916846275329590e-01 8.830000162124633789e-01
9.128958582878112793e-01 8.836666941642761230e-01
9.185208082199096680e-01 8.895833492279052734e-01
9.188541769981384277e-01 8.833333253860473633e-01
9.225000143051147461e-01 8.898333311080932617e-01
9.247291684150695801e-01 8.889166712760925293e-01
9.295416474342346191e-01 8.904166817665100098e-01
9.315624833106994629e-01 8.904166817665100098e-01
9.343333244323730469e-01 8.914166688919067383e-01
9.346458315849304199e-01 8.931666612625122070e-01
9.386458396911621094e-01 8.901666402816772461e-01
9.388958215713500977e-01 8.918333053588867188e-01
9.409583210945129395e-01 8.926666378974914551e-01
9.440416693687438965e-01 8.955000042915344238e-01
9.468958377838134766e-01 8.909166455268859863e-01
9.458125233650207520e-01 8.919166922569274902e-01
9.480624794960021973e-01 8.920000195503234863e-01
9.493125081062316895e-01 8.905000090599060059e-01
9.516875147819519043e-01 8.885833621025085449e-01
9.530416727066040039e-01 8.862500190734863281e-01
9.554166793823242188e-01 8.911666870117187500e-01
9.559583067893981934e-01 8.943333625793457031e-01
