# (2) Tr Acc, - (2) Val Acc. - (3) Tr Acc. - (3) Val Acc. - ...
8.043125271797180176e-01 8.512499928474426270e-01 8.127083182334899902e-01 8.332499861717224121e-01 8.224583268165588379e-01 8.316666483879089355e-01 8.238333463668823242e-01 8.555833101272583008e-01 8.271041512489318848e-01 8.541666865348815918e-01 8.290625214576721191e-01 8.596666455268859863e-01 8.274999856948852539e-01 8.615833520889282227e-01 8.237291574478149414e-01 8.629999756813049316e-01 8.121458292007446289e-01 8.444166779518127441e-01 7.897708415985107422e-01 8.534166812896728516e-01 7.110416889190673828e-01 8.243333101272583008e-01 6.273750066757202148e-01 7.938333153724670410e-01
8.418958187103271484e-01 8.473333120346069336e-01 8.469791412353515625e-01 8.342499732971191406e-01 8.586458563804626465e-01 8.651666641235351562e-01 8.629375100135803223e-01 8.672500252723693848e-01 8.686041831970214844e-01 8.534166812896728516e-01 8.709583282470703125e-01 8.619166612625122070e-01 8.698958158493041992e-01 8.700833320617675781e-01 8.714583516120910645e-01 8.761666417121887207e-01 8.703749775886535645e-01 8.675833344459533691e-01 8.634791374206542969e-01 8.634166717529296875e-01 8.485833406448364258e-01 8.511666655540466309e-01 8.235416412353515625e-01 8.361666798591613770e-01
8.523541688919067383e-01 8.493333458900451660e-01 8.565624952316284180e-01 8.649166822433471680e-01 8.686249852180480957e-01 8.550000190734863281e-01 8.723958134651184082e-01 8.653333187103271484e-01 8.768958449363708496e-01 8.583333492279052734e-01 8.826041817665100098e-01 8.761666417121887207e-01 8.811249732971191406e-01 8.791666626930236816e-01 8.825833201408386230e-01 8.773333430290222168e-01 8.834791779518127441e-01 8.716666698455810547e-01 8.759375214576721191e-01 8.733333349227905273e-01 8.678333163261413574e-01 8.666666746139526367e-01 8.512708544731140137e-01 8.495000004768371582e-01
8.557083606719970703e-01 8.543333411216735840e-01 8.633958101272583008e-01 8.671666383743286133e-01 8.739583492279052734e-01 8.725833296775817871e-01 8.802499771118164062e-01 8.733333349227905273e-01 8.849791884422302246e-01 8.788333535194396973e-01 8.903750181198120117e-01 8.779166936874389648e-01 8.902291655540466309e-01 8.765000104904174805e-01 8.928958177566528320e-01 8.855000138282775879e-01 8.903750181198120117e-01 8.760833144187927246e-01 8.869166374206542969e-01 8.651666641235351562e-01 8.781666755676269531e-01 8.710833191871643066e-01 8.658750057220458984e-01 8.661666512489318848e-01
8.641874790191650391e-01 8.570833206176757812e-01 8.651875257492065430e-01 8.670833110809326172e-01 8.814166784286499023e-01 8.629999756813049316e-01 8.857291936874389648e-01 8.699166774749755859e-01 8.924791812896728516e-01 8.845833539962768555e-01 8.956875205039978027e-01 8.792499899864196777e-01 8.964166641235351562e-01 8.785833120346069336e-01 8.988124728202819824e-01 8.874166607856750488e-01 8.971250057220458984e-01 8.840833306312561035e-01 8.914791941642761230e-01 8.772500157356262207e-01 8.836249709129333496e-01 8.764166831970214844e-01 8.713750243186950684e-01 8.634166717529296875e-01
8.651666641235351562e-01 8.575000166893005371e-01 8.692499995231628418e-01 8.590833544731140137e-01 8.831250071525573730e-01 8.695833086967468262e-01 8.910624980926513672e-01 8.705000281333923340e-01 8.963333368301391602e-01 8.824166655540466309e-01 9.022083282470703125e-01 8.817499876022338867e-01 9.011666774749755859e-01 8.799166679382324219e-01 9.022916555404663086e-01 8.771666884422302246e-01 9.037500023841857910e-01 8.838333487510681152e-01 8.990208506584167480e-01 8.840000033378601074e-01 8.897500038146972656e-01 8.787500262260437012e-01 8.775625228881835938e-01 8.685833215713500977e-01
8.652291893959045410e-01 8.545833230018615723e-01 8.717916607856750488e-01 8.615833520889282227e-01 8.863541483879089355e-01 8.697500228881835938e-01 8.938333392143249512e-01 8.804166913032531738e-01 8.991249799728393555e-01 8.881666660308837891e-01 9.054999947547912598e-01 8.822500109672546387e-01 9.057916402816772461e-01 8.850833177566528320e-01 9.072708487510681152e-01 8.867499828338623047e-01 9.067916870117187500e-01 8.866666555404663086e-01 9.028958082199096680e-01 8.805833458900451660e-01 8.930624723434448242e-01 8.759999871253967285e-01 8.832708597183227539e-01 8.739166855812072754e-01
8.685208559036254883e-01 8.597499728202819824e-01 8.748333454132080078e-01 8.596666455268859863e-01 8.890416622161865234e-01 8.722500205039978027e-01 8.972083330154418945e-01 8.777499794960021973e-01 9.025416374206542969e-01 8.786666393280029297e-01 9.088333249092102051e-01 8.846666812896728516e-01 9.088541865348815918e-01 8.870833516120910645e-01 9.107083082199096680e-01 8.902500271797180176e-01 9.113125205039978027e-01 8.912500143051147461e-01 9.059583544731140137e-01 8.860833048820495605e-01 8.967083096504211426e-01 8.814166784286499023e-01 8.857083320617675781e-01 8.769166469573974609e-01
8.696041703224182129e-01 8.571666479110717773e-01 8.757083415985107422e-01 8.673333525657653809e-01 8.912291526794433594e-01 8.750000000000000000e-01 9.001041650772094727e-01 8.784166574478149414e-01 9.068541526794433594e-01 8.779166936874389648e-01 9.114166498184204102e-01 8.835833072662353516e-01 9.137499928474426270e-01 8.873333334922790527e-01 9.142291545867919922e-01 8.901666402816772461e-01 9.147291779518127441e-01 8.878333568572998047e-01 9.093333482742309570e-01 8.859999775886535645e-01 9.016666412353515625e-01 8.812500238418579102e-01 8.907916545867919922e-01 8.780833482742309570e-01
8.734791874885559082e-01 8.672500252723693848e-01 8.764583468437194824e-01 8.669166564941406250e-01 8.909791707992553711e-01 8.735833168029785156e-01 9.038958549499511719e-01 8.727499842643737793e-01 9.090833067893981934e-01 8.878333568572998047e-01 9.155416488647460938e-01 8.829166889190673828e-01 9.160208106040954590e-01 8.886666893959045410e-01 9.186249971389770508e-01 8.873333334922790527e-01 9.179583191871643066e-01 8.894166946411132812e-01 9.113125205039978027e-01 8.915833234786987305e-01 9.048749804496765137e-01 8.885833621025085449e-01 8.941041827201843262e-01 8.797500133514404297e-01
