# Tr Acc ----- Val Acc.
7.862916588783264160e-01 8.417500257492065430e-01
8.609791398048400879e-01 8.642500042915344238e-01
8.758124709129333496e-01 8.659166693687438965e-01
8.839791417121887207e-01 8.796666860580444336e-01
8.937083482742309570e-01 8.826666474342346191e-01
9.002291560173034668e-01 8.809166550636291504e-01
9.053541421890258789e-01 8.886666893959045410e-01
9.108541607856750488e-01 8.875833153724670410e-01
9.133750200271606445e-01 8.771666884422302246e-01
9.180625081062316895e-01 8.875833153724670410e-01
9.209166765213012695e-01 8.914999961853027344e-01
9.246666431427001953e-01 8.884999752044677734e-01
9.308333396911621094e-01 8.849166631698608398e-01
9.326666593551635742e-01 8.917499780654907227e-01
9.355624914169311523e-01 8.949166536331176758e-01
9.381666779518127441e-01 8.961666822433471680e-01
9.423541426658630371e-01 8.945833444595336914e-01
9.436666369438171387e-01 8.949166536331176758e-01
9.481458067893981934e-01 8.942499756813049316e-01
9.471041560173034668e-01 8.930000066757202148e-01
9.507499933242797852e-01 8.934166431427001953e-01
9.530624747276306152e-01 8.966666460037231445e-01
