# (2) Tr Acc, - (2) Val Acc. - (3) Tr Acc. - (3) Val Acc. - ...
8.111666440963745117e-01 8.454166650772094727e-01 8.300208449363708496e-01 8.645833134651184082e-01 8.333541750907897949e-01 8.673333525657653809e-01 8.275833129882812500e-01 8.461666703224182129e-01 8.283958435058593750e-01 8.578333258628845215e-01 8.232708573341369629e-01 8.563333153724670410e-01
8.560416698455810547e-01 8.521666526794433594e-01 8.700208067893981934e-01 8.705000281333923340e-01 8.720625042915344238e-01 8.654999732971191406e-01 8.702291846275329590e-01 8.736666440963745117e-01 8.695833086967468262e-01 8.681666851043701172e-01 8.664583563804626465e-01 8.650000095367431641e-01
8.692499995231628418e-01 8.677499890327453613e-01 8.801041841506958008e-01 8.571666479110717773e-01 8.821250200271606445e-01 8.624166846275329590e-01 8.812083601951599121e-01 8.787500262260437012e-01 8.812291622161865234e-01 8.823333382606506348e-01 8.769375085830688477e-01 8.669999837875366211e-01
8.765416741371154785e-01 8.697500228881835938e-01 8.880833387374877930e-01 8.715000152587890625e-01 8.916249871253967285e-01 8.779166936874389648e-01 8.879166841506958008e-01 8.801666498184204102e-01 8.863124847412109375e-01 8.777499794960021973e-01 8.838958144187927246e-01 8.712499737739562988e-01
8.841666579246520996e-01 8.725000023841857910e-01 8.930416703224182129e-01 8.838333487510681152e-01 8.964791893959045410e-01 8.817499876022338867e-01 8.938333392143249512e-01 8.832499980926513672e-01 8.931666612625122070e-01 8.730000257492065430e-01 8.892499804496765137e-01 8.750833272933959961e-01
8.898958563804626465e-01 8.831666707992553711e-01 8.976458311080932617e-01 8.842499852180480957e-01 9.013124704360961914e-01 8.859166502952575684e-01 8.992499709129333496e-01 8.779166936874389648e-01 8.981666564941406250e-01 8.759166598320007324e-01 8.924791812896728516e-01 8.780000209808349609e-01
8.936666846275329590e-01 8.755000233650207520e-01 9.031875133514404297e-01 8.802499771118164062e-01 9.051041603088378906e-01 8.742499947547912598e-01 9.029791951179504395e-01 8.859166502952575684e-01 9.032291769981384277e-01 8.807500004768371582e-01 8.966458439826965332e-01 8.657500147819519043e-01
8.984166383743286133e-01 8.815000057220458984e-01 9.058750271797180176e-01 8.858333230018615723e-01 9.106041789054870605e-01 8.862500190734863281e-01 9.072916507720947266e-01 8.837500214576721191e-01 9.052708148956298828e-01 8.797500133514404297e-01 8.989166617393493652e-01 8.751666545867919922e-01
9.017708301544189453e-01 8.826666474342346191e-01 9.113333225250244141e-01 8.834166526794433594e-01 9.129791855812072754e-01 8.917499780654907227e-01 9.099375009536743164e-01 8.870000243186950684e-01 9.102708101272583008e-01 8.855000138282775879e-01 9.016666412353515625e-01 8.813333511352539062e-01
9.050833582878112793e-01 8.807500004768371582e-01 9.118958115577697754e-01 8.828333616256713867e-01 9.156875014305114746e-01 8.777499794960021973e-01 9.135208129882812500e-01 8.880000114440917969e-01 9.141250252723693848e-01 8.840833306312561035e-01 9.065833091735839844e-01 8.832499980926513672e-01
