# (2) Tr Acc, - (2) Val Acc. - (3) Tr Acc. - (3) Val Acc. - ...
8.222291469573974609e-01 8.460833430290222168e-01 8.224375247955322266e-01 8.555833101272583008e-01 8.134791851043701172e-01 8.527500033378601074e-01 7.986666560173034668e-01 8.443333506584167480e-01 7.873541712760925293e-01 8.424999713897705078e-01
8.652083277702331543e-01 8.658333420753479004e-01 8.667916655540466309e-01 8.676666617393493652e-01 8.642708063125610352e-01 8.669166564941406250e-01 8.582500219345092773e-01 8.608333468437194824e-01 8.533124923706054688e-01 8.634166717529296875e-01
8.791666626930236816e-01 8.761666417121887207e-01 8.784583210945129395e-01 8.786666393280029297e-01 8.756250143051147461e-01 8.706666827201843262e-01 8.718958497047424316e-01 8.700000047683715820e-01 8.693749904632568359e-01 8.691666722297668457e-01
8.865000009536743164e-01 8.760833144187927246e-01 8.872083425521850586e-01 8.743333220481872559e-01 8.831874728202819824e-01 8.763333559036254883e-01 8.816875219345092773e-01 8.759166598320007324e-01 8.762500286102294922e-01 8.765000104904174805e-01
8.924791812896728516e-01 8.743333220481872559e-01 8.941249847412109375e-01 8.725833296775817871e-01 8.895833492279052734e-01 8.753333091735839844e-01 8.880624771118164062e-01 8.756666779518127441e-01 8.805208206176757812e-01 8.740000128746032715e-01
8.970416784286499023e-01 8.853333592414855957e-01 8.978333473205566406e-01 8.855833411216735840e-01 8.934583067893981934e-01 8.744166493415832520e-01 8.918541669845581055e-01 8.809166550636291504e-01 8.873749971389770508e-01 8.714166879653930664e-01
9.016875028610229492e-01 8.843333125114440918e-01 9.021250009536743164e-01 8.855833411216735840e-01 8.991249799728393555e-01 8.760833144187927246e-01 8.963333368301391602e-01 8.777499794960021973e-01 8.913124799728393555e-01 8.694166541099548340e-01
9.058750271797180176e-01 8.851666450500488281e-01 9.047708511352539062e-01 8.792499899864196777e-01 9.023749828338623047e-01 8.808333277702331543e-01 8.998958468437194824e-01 8.809166550636291504e-01 8.931875228881835938e-01 8.748333454132080078e-01
9.108541607856750488e-01 8.885833621025085449e-01 9.090625047683715820e-01 8.820833563804626465e-01 9.063333272933959961e-01 8.780000209808349609e-01 9.019583463668823242e-01 8.773333430290222168e-01 8.960833549499511719e-01 8.835833072662353516e-01
9.139166474342346191e-01 8.793333172798156738e-01 9.110416769981384277e-01 8.890833258628845215e-01 9.069583415985107422e-01 8.821666836738586426e-01 9.046875238418579102e-01 8.839166760444641113e-01 9.006249904632568359e-01 8.750000000000000000e-01
