# Training Acc. - Validation Acc,
8.734791874885559082e-01 8.672500252723693848e-01
8.764583468437194824e-01 8.669166564941406250e-01
8.909791707992553711e-01 8.735833168029785156e-01
9.038958549499511719e-01 8.727499842643737793e-01
9.090833067893981934e-01 8.878333568572998047e-01
9.155416488647460938e-01 8.829166889190673828e-01
9.160208106040954590e-01 8.886666893959045410e-01
9.186249971389770508e-01 8.873333334922790527e-01
9.179583191871643066e-01 8.894166946411132812e-01
9.113125205039978027e-01 8.915833234786987305e-01
9.048749804496765137e-01 8.885833621025085449e-01
8.941041827201843262e-01 8.797500133514404297e-01
