# Training Acc. - Validation Acc,
9.018958210945129395e-01 8.840000033378601074e-01
9.186041951179504395e-01 8.870833516120910645e-01
9.189375042915344238e-01 8.870000243186950684e-01
9.172916412353515625e-01 8.892499804496765137e-01
9.152500033378601074e-01 8.892499804496765137e-01
8.967291712760925293e-01 8.780000209808349609e-01
8.852083086967468262e-01 8.638333082199096680e-01
8.776458501815795898e-01 8.659166693687438965e-01
8.667083382606506348e-01 8.468333482742309570e-01
8.568124771118164062e-01 8.424999713897705078e-01
8.498541712760925293e-01 8.488333225250244141e-01
8.452708125114440918e-01 8.449166417121887207e-01
8.428541421890258789e-01 8.424166440963745117e-01
7.849791646003723145e-01 7.702500224113464355e-01
6.326249837875366211e-01 6.693333387374877930e-01
1.939166635274887085e-01 1.976666599512100220e-01
1.014999970793724060e-01 1.003333330154418945e-01
1.015625000000000000e-01 9.841666370630264282e-02
9.910416603088378906e-02 1.003333330154418945e-01
