test epoch
epochs 1 2 3 4 5 6 7 8 9 10 11 12 13 14 15 16 17 18 19 20 21 22 23 24 25 26 27 28 29 30
train 79.50416666666666 85.6 87.1375 88.13125000000001 88.58125 89.34375 89.79166666666667 90.36874999999999 90.61041666666667 90.86041666666667 91.58541666666666 91.54166666666667 92.11458333333333 92.4 92.68541666666667 92.82708333333333 93.00416666666666 93.40416666666667 93.48958333333334 93.80833333333334 94.05416666666667 94.16250000000001 94.575 94.62916666666666 94.79583333333333 95.01875 95.04791666666667 95.47083333333333 95.47708333333334 95.65625
validation 84.475 86.325 87.575 87.94166666666666 88.64166666666667 89.1 87.58333333333333 88.88333333333334 89.525 89.38333333333334 89.45833333333333 89.54166666666666 89.28333333333333 89.14999999999999 88.825 89.97500000000001 90.34166666666667 89.73333333333333 89.96666666666667 89.95 90.275 89.45833333333333 89.69166666666666 89.85833333333333 90.14999999999999 89.71666666666667 89.75 89.71666666666667 90.04166666666666 89.55
test num_layers
layers 2 3 4 5 6
train 91.26458333333333 90.91458333333333 90.72291666666666 90.24375 90.24791666666667
validation 89.575 88.26666666666667 89.16666666666667 88.55833333333332 88.97500000000001
test num_nodes
nodes 64 128 256 512 1024 2048
train 89.09166666666667 90.04166666666666 90.97291666666666 91.40833333333333 91.85833333333333 91.77291666666667
validation 88.1 88.28333333333333 89.5 89.125 89.0 89.14166666666667
test num_batches
batches 1 2 4 8 16 32 64 128 256 512 1024 2048
train 86.74374999999999 88.14166666666667 89.24166666666666 90.28541666666666 90.94791666666666 91.18125 91.25833333333333 90.99166666666667 90.41666666666667 89.78333333333333 88.59166666666667 87.2625
validation 86.14166666666667 87.875 88.56666666666668 88.79166666666667 88.8 88.06666666666668 89.625 89.11666666666666 88.60833333333333 87.39166666666667 87.425 86.93333333333332
times 3164.811485 1613.865718000001 751.7283559999996 341.006942 192.4119129999999 124.4057789999988 87.17478899999878 73.35671199999888 68.19115899999997 66.18156699999963 64.97983099999874 64.511899000001
test learning_rate 
learning_rates 0.0001 0.0003 0.0005 0.0007 0.001 0.003 0.005 0.007 0.01 0.013 0.015 0.017 0.02 0.025 0.03 0.07 0.1 0.2 0.4
train 87.13333333333333 89.89375 90.31458333333333 90.77499999999999 91.11875 90.525 89.93124999999999 89.2875 88.62291666666667 87.70833333333333 87.43958333333333 86.69166666666666 86.24583333333334 85.52916666666667 84.63333333333334 45.197916666666664 9.831249999999999 9.95625 10.0625
validation 87.00833333333333 88.24166666666666 88.70833333333333 89.73333333333333 88.70833333333333 88.325 88.05833333333334 87.89166666666667 87.45 87.04166666666666 86.78333333333333 85.48333333333333 85.80833333333334 85.75 83.95833333333333 45.93333333333333 9.700000000000001 9.85 9.766666666666666
times 73.40742300000056 75.06411200000002 69.87250500000027 68.60611100000006 69.289401 69.6973480000006 69.36332000000039 70.0184279999994 71.08877399999983 72.36269799999991 71.41306899999927 71.86854500000027 71.84496200000012 71.73022500000025 78.54493700000057 89.25366000000031 81.98999999999978 99.33632599999964 101.60406799999964
loss 
test drop
drop_rates 0.0 0.010526315789473684 0.021052631578947368 0.031578947368421054 0.042105263157894736 0.05263157894736842 0.06315789473684211 0.07368421052631578 0.08421052631578947 0.09473684210526316 0.10526315789473684 0.11578947368421053 0.12631578947368421 0.1368421052631579 0.14736842105263157 0.15789473684210525 0.16842105263157894 0.17894736842105263 0.18947368421052632 0.2
train 90.73333333333333 90.6375 90.51249999999999 90.68125 90.48333333333333 90.25625000000001 90.33125 90.2 90.23333333333333 90.19583333333333 90.18125 90.14375 90.08541666666666 89.88125 89.825 89.68125 89.73124999999999 89.67708333333333 89.51249999999999 89.44791666666667
validation 88.75833333333333 88.71666666666667 88.94166666666666 88.675 88.41666666666667 88.575 88.9 88.925 88.38333333333334 89.28333333333333 87.68333333333334 89.09166666666667 88.24166666666666 88.88333333333334 88.425 88.575 88.63333333333333 88.40833333333333 88.33333333333333 88.69166666666666
